   
    LR     : 0.7223775457359257 (0.08511067020729662)
    LASSO  : 0.6697772207483847 (0.06454538188399106)
    EN     : 0.6517399040563703 (0.06214458636866283)
    KNN    : 0.7272884836121088 (0.10546843781370058)
    CART   : 0.661835475725195 (0.19080425526001163)
    SVM    : 0.6184153729995604 (0.10975744626878726)
    
    Hence from the above results, KNN and LR fits best
    

    scores:
    KNN:  0.7686788821385517
    LR: 0.6508417720329543
 